0.6
0.54
0.8
0.93
0.7
0.68
0.65
1.06
0.68
0.67
0.83
0.51
0.59
0.44
0.53
0.63
0.54
0.54
0.28
0.4
0.32
0.29
0.3
0.28
0.24
0.24
0.37
0.21
0.5
0.4
0.53
0.56
0.49
0.66
0.66
0.66
0.58
0.61
0.54
0.66
0.59
0.5
0.15
18.02
17.36
21.08
1.49
2.54
1.9
1.49
1.78
0.8
0.96
1.06
1.01
2.13
0.79
1.42
1.14
0.91
0.9
0.98
1.19
0.77
1.15
1.0
0.75
0.73
0.62
0.23
0.21
0.19
0.81
0.22
1.04
1.32
1.0
1.31
0.96
0.22
0.21
0.28
0.23
0.15
0.17
0.15
0.13
0.19
0.2
0.22
0.29
0.21
0.18
0.23
0.2
0.19
0.18
0.41
0.34
0.21
0.38
0.19
0.25
0.18
0.27
0.18
0.16
0.18
0.16
0.16
0.16
0.15
0.24
0.38
0.25
0.25
0.24
0.24
0.31
0.21
0.23
0.24
0.21
0.16
0.16
0.31
0.16
0.26
0.37
0.59
0.17
0.12
0.13
0.11
0.11
0.4
0.59
0.36
0.62
0.43
0.54
0.59
0.24
0.25
0.6
0.24
0.61
0.57
0.4
0.83
1.01
0.42
0.44
0.29
0.56
0.38
0.89
0.43
0.66
0.91
0.37
0.87
0.62
1.07
0.2
0.29
0.42
0.38
0.57
0.72
1.04
0.8
0.84
0.71
0.79
0.48
0.53
0.53
0.68
0.91
0.32
0.31
0.42
0.51
0.35
0.24
0.23
0.37
0.33
0.48
0.2
0.24
0.43
0.19
0.26